1 - 2,5
2 - 1,4,5,6
3 - 4,7,9
4 - 2,3,6,7,8,10,11
5 - 1,2,6
6 - 2,4,5,8
7 - 3,4,9,10
8 - 4,6,11
9 - 3,7,10
10 - 4,7,9,11,13
11 - 4,8,10,13
12 - 13
13 - 10,11,12,14,19,24
14 - 13,15,24,19
15 - 14,16,17,19
16 - 15,17,18,23,25,26
17 - 15,16,18,19,30,38
18 - 16,17,26,27,28,38
19 - 13,14,15,17,20,21,22
20 - 19
21 - 19,22
22 - 21
23 - 16,24,25
24 - 13,14,23
25 - 16,24,26,27
26 - 16,18,25,27
27 - 18,25,26,28,29
28 - 18,27,29,38,39
29 - 27,28,39
30 - 17,31,33,38
31 - 30,32
32 - 31,33
33 - 30,32,34,38,40
34 - 33,35,36,37,40
35 - 34,37
36 - 34,37,40,41,45
37 - 34,36,37
38 - 17,18,28,30,33,39,40,41
39 - 28,29,39,40,41
40 - 33,34,36,38,39,41
41 - 36,38,39,4042,43,45
42 - 41,43,44
43 - 41,42,44,45
44 - 42,43
45 - 36,41,43,46,47
46 - 45,47
47 - 45,46,48
48 - 47